0 5 
1 7 
2 6 
3 6 
4 7 
5 8 
6 9 
7 11 
8 14 
9 12 
10 24 
11 10 
12 13 
13 12 
14 17 
15 11 
16 15 
17 18 
18 15 
19 20 
20 12 
21 12 
22 12 
23 16 
24 15 
25 23 
26 16 
27 19 
28 18 
29 23 
30 17 
31 21 
32 24 
33 21 
34 26 
35 18 
36 18 
37 18 
38 24 
39 19 
40 27 
41 24 
42 26 
43 35 
44 28 
45 22 
46 24 
47 26 
48 33 
49 33 
50 29 
51 31 
52 31 
53 34 
54 41 
55 30 
56 31 
57 28 
58 30 
59 22 
60 27 
61 25 
62 31 
63 25 
64 28 
65 26 
66 29 
67 22 
68 26 
69 21 
70 24 
71 25 
72 23 
73 26 
74 30 
75 31 
76 24 
77 18 
78 19 
79 15 
80 17 
81 15 
82 14 
83 19 
84 11 
85 11 
86 7 
87 6 
88 6 
89 6 
90 6 
91 8 
92 9 
93 10 
94 12 
95 16 
96 15 
97 16 
98 13 
99 12 
100 11 
101 10 
102 9 
103 10 
104 11 
105 15 
106 12 
107 11 
108 14 
109 15 
110 19 
111 17 
112 19 
113 23 
114 21 
115 26 
116 30 
117 26 
118 25 
119 27 
120 26 
121 24 
122 30 
123 34 
124 24 
125 23 
126 18 
127 19 
128 16 
129 17 
130 19 
131 21 
132 31 
133 16 
134 20 
135 15 
136 14 
137 14 
138 16 
139 18 
140 20 
141 20 
142 20 
143 26 
144 24 
145 28 
146 30 
147 22 
148 32 
149 28 
150 32 
151 36 
152 48 
153 42 
154 56 
155 34 
156 26 
157 28 
158 40 
159 38 
160 50 
161 48 
162 43 
163 60 
164 42 
165 42 
166 42 
167 36 
168 41 
169 38 
170 37 
171 43 
172 41 
173 44 
174 46 
175 54 
176 53 
177 63 
178 52 
179 51 
180 48 
181 47 
182 50 
183 46 
184 43 
185 41 
186 30 
187 21 
188 19 
189 20 
190 21 
191 20 
192 21 
193 20 
194 22 
195 21 
196 28 
197 17 
198 20 
199 18 
200 23 
201 19 
202 24 
203 16 
204 9 
205 8 
206 8 
207 8 
208 8 
209 8 
210 8 
211 8 
212 8 
213 8 
214 8 
215 8 
216 8 
