0 24 
1 16 
2 16 
3 16 
4 20 
5 19 
6 27 
7 20 
8 23 
9 23 
10 31 
11 23 
12 30 
13 33 
14 31 
15 39 
16 26 
17 28 
18 27 
19 34 
20 31 
21 40 
22 26 
23 28 
24 27 
25 34 
26 27 
27 34 
28 31 
29 27 
30 31 
31 21 
32 21 
33 21 
34 25 
35 24 
36 32 
37 25 
38 28 
39 28 
40 36 
41 28 
42 35 
43 38 
44 36 
45 44 
46 31 
47 33 
48 32 
49 39 
50 36 
51 45 
52 31 
53 33 
54 32 
55 39 
56 32 
57 39 
58 36 
59 32 
60 36 
61 26 
62 26 
63 26 
64 30 
65 29 
66 37 
67 30 
68 33 
69 33 
70 41 
71 33 
72 40 
73 43 
74 41 
75 49 
76 36 
77 38 
78 37 
79 44 
80 41 
81 50 
82 36 
83 38 
84 37 
85 44 
86 37 
87 44 
88 41 
89 37 
90 41 
91 31 
92 31 
93 31 
94 35 
95 34 
96 42 
97 36 
98 37 
99 37 
100 48 
101 38 
102 44 
103 45 
104 41 
105 49 
106 36 
107 38 
108 37 
109 44 
110 41 
111 50 
112 36 
113 38 
114 37 
115 44 
116 37 
117 44 
118 41 
119 38 
120 40 
121 28 
122 27 
123 27 
124 31 
125 30 
126 37 
127 30 
128 33 
129 33 
130 41 
131 33 
132 40 
133 43 
134 42 
135 50 
136 36 
137 39 
138 38 
139 45 
140 42 
141 50 
142 37 
143 40 
144 39 
145 46 
146 39 
147 46 
148 43 
149 39 
150 43 
151 36 
152 30 
153 27 
154 28 
155 28 
156 36 
157 29 
158 32 
159 32 
160 40 
161 32 
162 41 
163 43 
164 43 
165 50 
166 39 
167 38 
168 36 
169 44 
170 40 
171 49 
172 36 
173 37 
174 37 
175 46 
176 39 
177 42 
178 39 
179 35 
180 40 
181 29 
182 29 
183 29 
184 35 
185 31 
186 37 
187 30 
188 33 
189 33 
190 41 
191 33 
192 40 
193 43 
194 41 
195 49 
196 36 
197 38 
198 37 
199 44 
200 41 
201 50 
202 36 
203 38 
204 37 
205 44 
206 37 
207 44 
208 41 
209 37 
210 41 
211 31 
212 31 
213 31 
214 35 
215 34 
216 42 
