0 5 
1 7 
2 6 
3 6 
4 7 
5 8 
6 9 
7 11 
8 14 
9 12 
10 24 
11 10 
12 13 
13 12 
14 17 
15 11 
16 15 
17 18 
18 15 
19 20 
20 12 
21 12 
22 12 
23 16 
24 15 
25 23 
26 16 
27 19 
28 18 
29 23 
30 17 
31 21 
32 24 
33 21 
34 26 
35 18 
36 18 
37 18 
38 24 
39 19 
40 27 
41 24 
42 26 
43 35 
44 28 
45 22 
46 24 
47 26 
48 33 
49 33 
50 29 
51 31 
52 31 
53 34 
54 41 
55 30 
56 31 
57 28 
58 30 
59 22 
60 27 
61 25 
62 31 
63 25 
64 28 
65 26 
66 29 
67 22 
68 26 
69 21 
70 24 
71 25 
72 23 
73 26 
74 30 
75 31 
76 24 
77 18 
78 19 
79 15 
80 17 
81 15 
82 14 
83 19 
84 11 
85 11 
86 7 
87 6 
88 6 
89 6 
90 6 
91 8 
92 9 
93 10 
94 12 
95 16 
96 15 
97 14 
98 14 
99 16 
100 15 
101 19 
102 17 
103 20 
104 17 
105 20 
106 25 
107 18 
108 27 
109 15 
110 14 
111 11 
112 11 
113 10 
114 8 
115 7 
116 10 
117 9 
118 8 
119 7 
120 8 
121 8 
122 8 
123 8 
124 8 
125 8 
126 8 
127 8 
128 8 
129 8 
130 8 
131 8 
132 8 
133 8 
134 8 
135 8 
136 8 
137 8 
138 8 
139 8 
140 8 
141 8 
142 8 
143 8 
144 8 
145 8 
146 8 
147 8 
148 8 
149 8 
150 8 
151 8 
152 8 
153 8 
154 8 
155 8 
156 8 
157 8 
158 8 
159 8 
160 8 
161 10 
162 9 
163 8 
164 7 
165 8 
166 8 
167 8 
168 8 
169 8 
170 8 
171 8 
172 8 
173 8 
174 8 
175 8 
176 8 
177 8 
178 8 
179 8 
180 8 
181 8 
182 8 
183 8 
184 8 
185 8 
186 8 
187 8 
188 8 
189 8 
190 8 
191 8 
192 8 
193 8 
194 8 
195 8 
196 8 
197 8 
198 8 
199 8 
200 8 
201 8 
202 8 
203 8 
204 8 
205 8 
206 8 
207 8 
208 8 
209 8 
210 8 
211 8 
212 8 
213 8 
214 8 
215 8 
216 8 
