0 21 
1 15 
2 19 
3 22 
4 19 
5 24 
6 16 
7 16 
8 16 
9 20 
10 17 
11 28 
12 14 
13 18 
14 17 
15 22 
16 16 
17 20 
18 23 
19 20 
20 24 
21 16 
22 16 
23 16 
24 20 
25 19 
26 27 
27 20 
28 23 
29 22 
30 29 
31 22 
32 29 
33 26 
34 22 
35 26 
36 16 
37 16 
38 16 
39 20 
40 17 
41 28 
42 14 
43 18 
44 17 
45 22 
46 16 
47 20 
48 23 
49 20 
50 24 
51 16 
52 16 
53 16 
54 20 
55 19 
56 27 
57 20 
58 23 
59 22 
60 29 
61 22 
62 29 
63 26 
64 22 
65 26 
66 16 
67 16 
68 16 
69 20 
70 17 
71 28 
72 14 
73 18 
74 17 
75 22 
76 16 
77 20 
78 23 
79 20 
80 24 
81 16 
82 16 
83 16 
84 20 
85 19 
86 27 
87 20 
88 23 
89 22 
90 29 
91 22 
92 29 
93 26 
94 22 
95 26 
96 16 
97 16 
98 16 
99 20 
100 17 
101 28 
102 14 
103 18 
104 17 
105 22 
106 16 
107 20 
108 23 
109 20 
110 24 
111 16 
112 16 
113 16 
114 20 
115 19 
116 27 
117 20 
118 23 
119 22 
120 29 
121 22 
122 29 
123 26 
124 22 
125 26 
126 16 
127 16 
128 16 
129 20 
130 17 
131 28 
132 14 
133 18 
134 17 
135 22 
136 16 
137 20 
138 23 
139 20 
140 24 
141 16 
142 16 
143 16 
144 20 
145 19 
146 27 
147 20 
148 23 
149 22 
150 29 
151 22 
152 29 
153 26 
154 22 
155 26 
156 16 
157 16 
158 16 
159 20 
160 17 
161 28 
162 14 
163 18 
164 17 
165 22 
166 16 
167 20 
168 23 
169 20 
170 24 
171 16 
172 16 
173 16 
174 20 
175 19 
176 27 
177 20 
178 23 
179 22 
180 29 
181 22 
182 29 
183 26 
184 22 
185 26 
186 16 
187 16 
188 16 
189 20 
190 17 
191 28 
192 14 
193 18 
194 17 
195 22 
196 16 
197 20 
198 23 
199 20 
200 24 
201 16 
202 16 
203 16 
204 20 
205 19 
206 27 
207 20 
208 23 
209 22 
210 29 
211 22 
212 29 
213 26 
214 22 
215 26 
216 16 
