30 11 2
31 11 2
31 12 2
32 12 2
22 13 2
32 13 2
20 14 2
21 14 2
22 14 2
23 14 2
24 14 2
26 14 2
32 14 2
33 14 2
19 15 2
20 15 2
24 15 2
25 15 2
26 15 2
32 15 2
19 16 2
26 16 2
27 16 2
31 16 2
32 16 2
27 17 2
31 17 2
27 18 2
30 18 2
31 18 2
32 18 2
24 19 2
25 19 2
26 19 2
27 19 2
28 19 2
29 19 2
30 19 2
22 20 2
23 20 2
24 20 2
27 20 2
23 21 2
27 21 2
22 22 2
23 22 2
27 22 2
28 22 2
35 22 2
22 23 2
28 23 2
29 23 2
30 23 2
34 23 2
35 23 2
21 24 2
22 24 2
28 24 2
30 24 2
31 24 2
32 24 2
33 24 2
34 24 2
22 25 2
32 25 2
22 26 2
23 26 2
23 27 2
24 27 2 
